scenario: Weekend Peak_40%
base_name: Weekend Peak_40%
bdwpt_penetration: 40
peak_load: -537.8373178857707
min_load: -706.2257427085628
avg_load: -579.1065147178118
total_energy_kwh: -13898.556353227485
total_losses_kwh: 144.08301273400588
min_voltage: 0.9711569687987132
max_voltage: 0.9998491569900736
bdwpt_energy_charged_kwh: 1184.6204991348443
bdwpt_energy_discharged_kwh: 858.2795569584285
voltage_violations: 0
reverse_flow_events: 96
