scenario: Weekend Peak_40%
base_name: Weekend Peak_40%
bdwpt_penetration: 40
peak_load: -537.8190188605198
min_load: -659.5686494325681
avg_load: -572.9913291507274
total_energy_kwh: -13751.791899617458
total_losses_kwh: 141.66384014848308
min_voltage: 0.9723385052977614
max_voltage: 0.9998530709105317
bdwpt_energy_charged_kwh: 1563.4966620783928
bdwpt_energy_discharged_kwh: 1179.0774674067325
voltage_violations: 0
reverse_flow_events: 96
