scenario: Weekend Peak_0%
base_name: Weekend Peak_0%
bdwpt_penetration: 0
peak_load: -537.8242105375544
min_load: -537.8449687482996
avg_load: -537.8244269981728
total_energy_kwh: -12907.786247956148
total_losses_kwh: 129.4949300554442
min_voltage: 0.9756668616947732
max_voltage: 0.999837498809287
bdwpt_energy_charged_kwh: 0.0
bdwpt_energy_discharged_kwh: 0.0
voltage_violations: 0
reverse_flow_events: 96
