scenario: Weekend Peak_15%
base_name: Weekend Peak_15%
bdwpt_penetration: 15
peak_load: -537.8118813803991
min_load: -623.9612861788287
avg_load: -557.3342293867737
total_energy_kwh: -13376.02150528257
total_losses_kwh: 136.96682464174427
min_voltage: 0.9729378213160704
max_voltage: 0.9998457975412218
bdwpt_energy_charged_kwh: 968.8611398023248
bdwpt_energy_discharged_kwh: 694.7788139034245
voltage_violations: 0
reverse_flow_events: 96
