scenario: Weekend_15%
base_name: Weekend_15%
bdwpt_penetration: 15
peak_load: -537.8059413647818
min_load: -639.276961818371
avg_load: -564.8222947680414
total_energy_kwh: -13555.735074432992
total_losses_kwh: 139.22590323284425
min_voltage: 0.9725185010088326
max_voltage: 0.9998473993571212
bdwpt_energy_charged_kwh: 866.8053904952468
bdwpt_energy_discharged_kwh: 676.1293686266611
voltage_violations: 0
reverse_flow_events: 96
