scenario: Weekend_40%
base_name: Weekend_40%
bdwpt_penetration: 40
peak_load: -537.8250004442567
min_load: -712.6224872542317
avg_load: -592.8527377250904
total_energy_kwh: -14228.465705402168
total_losses_kwh: 149.38884816111178
min_voltage: 0.9717960645373972
max_voltage: 0.9998501196815958
bdwpt_energy_charged_kwh: 1754.1240696776908
bdwpt_energy_discharged_kwh: 1213.4473031804841
voltage_violations: 0
reverse_flow_events: 96
